362 192 236 272 147 286 1
362 192 237 271 146 286 1
361 192 237 272 146 286 1
362 191 237 271 147 286 1
362 192 236 272 147 286 1
362 192 237 271 146 286 1
361 192 237 272 146 286 1
362 191 237 271 147 286 1
362 192 236 272 147 286 1
362 192 237 271 146 286 1
361 192 237 272 146 286 1
361 192 237 271 147 286 1
361 192 237 271 147 286 1
362 192 237 271 147 286 1
361 192 237 271 147 286 1
361 192 237 271 147 286 1
361 192 237 271 147 286 1
364 197 237 272 147 285 1
373 218 243 277 149 284 1
362 206 270 289 192 283 1
358 166 223 250 128 287 1
373 167 225 254 132 286 1
372 168 227 256 135 286 1
369 168 227 257 135 286 1
370 168 227 257 136 286 1
370 169 228 257 136 286 1
370 169 227 257 137 286 1
370 170 228 258 137 286 1
370 170 229 259 137 287 1
370 170 228 258 137 286 1
369 170 229 259 137 287 1
368 170 229 259 138 286 1
361 171 229 259 139 286 1
360 171 229 259 138 286 1
365 169 224 252 128 286 1
364 168 226 254 132 286 1
363 168 226 255 134 286 1
365 169 227 255 134 286 1
396 167 223 253 130 286 1
379 167 224 252 132 286 1
382 167 225 255 133 286 1
381 168 226 255 134 286 1
380 168 225 255 134 286 1
381 168 226 255 135 286 1
381 169 226 256 135 286 1
366 164 222 250 131 285 1
370 162 222 250 130 284 1
363 159 219 247 127 278 1
371 164 223 254 137 268 1
370 166 221 247 129 267 1
369 167 224 251 134 268 1
357 167 222 251 127 280 1
354 177 230 259 133 285 1
352 184 236 266 134 288 1
351 173 228 259 133 289 1
354 154 218 245 128 273 1
368 168 224 253 131 273 1
362 177 232 263 137 285 1
366 180 237 266 139 287 1
367 179 236 266 139 287 1
367 178 235 265 137 287 0 1
368 179 234 264 137 287 0 1
365 176 231 262 135 287 0 1
366 176 232 263 137 287 0 1
367 177 233 263 137 287 0 1
367 176 233 263 137 287 0 1
368 176 233 264 138 287 0 1
382 233 273 283 153 283 0 1
374 278 288 295 201 272 0 1
367 243 272 289 163 279 0 1
290 272 289 294 197 276 0 1
297 272 290 295 193 276 0 1
291 272 290 295 192 276 0 1
289 270 290 295 190 276 0 1
285 270 290 295 191 277 0 1
283 269 291 295 192 277 0 1
281 271 291 295 191 275 0 1
282 270 291 295 191 277 0 1
283 270 291 295 190 277 0 1
282 270 291 295 191 277 0 1
284 269 291 295 190 277 0 1
284 269 291 295 189 276 0 1
285 268 290 295 189 277 0 1
285 268 291 295 189 276 0 1
285 268 291 295 188 277 0 1
285 267 290 295 189 277 0 1
285 263 287 295 194 273 0 1
302 267 288 296 192 265 0 1
305 266 288 295 197 270 0 1
280 266 289 295 171 276 0 1
263 274 298 299 179 283 0 1
268 274 298 298 184 284 0 1
268 267 294 297 186 284 0 1
266 236 271 294 182 274 0 1
290 260 283 295 190 271 0 1
269 260 286 293 184 281 0 1
273 259 287 294 184 281 0 0 1
275 258 288 294 187 281 0 0 1
275 257 287 294 186 281 0 0 1
294 247 274 291 194 282 0 0 1
295 196 236 235 115 283 0 0 1
393 211 245 245 124 283 0 0 1
362 211 242 245 127 283 0 0 1
311 215 245 248 129 283 0 0 1
311 221 248 250 130 282 0 0 1
312 221 248 249 129 281 0 0 1
312 220 249 250 128 281 0 0 1
312 220 250 252 126 281 0 0 1
312 220 251 252 123 281 0 0 1
312 221 251 253 125 282 0 0 1
312 223 251 254 128 282 0 0 1
311 222 251 254 129 282 0 0 1
295 225 253 257 130 283 0 0 1
286 225 255 259 132 283 0 0 1
283 229 257 262 135 283 0 0 1
274 216 265 265 134 283 0 0 1
265 218 265 263 132 283 0 0 1
272 225 265 264 133 283 0 0 1
269 224 263 262 133 283 0 0 1
279 230 264 262 134 281 0 0 1
274 233 266 262 133 282 0 0 1
281 222 278 264 136 281 0 0 1
281 220 276 264 136 281 0 0 1
280 216 275 264 136 282 0 0 1
280 218 276 264 137 282 0 0 1
281 220 276 265 137 282 0 0 1
282 218 276 265 138 282 0 0 1
281 219 276 264 137 282 0 0 1
283 220 276 265 138 282 0 0 1
283 220 276 265 138 282 0 0 1
283 220 276 266 139 282 0 0 1
283 224 278 265 139 282 0 0 1
283 229 279 265 140 282 0 0 1
270 227 278 261 141 274 0 0 1
273 220 274 256 139 277 0 0 1
295 226 271 255 142 266 0 0 1
294 228 277 264 142 276 0 0 1
300 238 285 273 144 281 0 0 1
310 247 292 283 158 285 0 0 1
315 254 295 285 158 285 0 0 1
279 200 261 257 133 287 0 0 1
285 200 265 261 138 283 0 0 1
286 204 267 262 138 283 0 0 1
288 206 268 263 138 283 0 0 1
288 208 269 264 137 283 0 0 1
289 208 269 264 138 283 0 0 1
289 209 269 265 138 283 0 0 0 1
288 209 269 264 138 283 0 0 0 1
289 210 270 265 138 282 0 0 0 1
289 212 271 265 137 282 0 0 0 1
289 212 271 266 137 282 0 0 0 1
289 212 271 266 139 282 0 0 0 1
290 211 270 265 140 283 0 0 0 1
290 211 271 265 140 283 0 0 0 1
291 211 270 266 141 282 0 0 0 1
291 212 271 267 141 282 0 0 0 1
311 209 263 280 154 282 0 0 0 1
422 190 252 288 194 284 0 0 0 1
359 148 213 247 171 286 0 0 0 1
346 152 218 254 179 286 0 0 0 1
383 232 260 289 215 284 0 0 0 1
301 167 233 272 208 285 0 0 0 1
293 163 224 259 183 285 0 0 0 1
297 170 230 269 192 285 0 0 0 1
298 172 232 269 194 285 0 0 0 1
300 172 232 269 194 285 0 0 0 1
301 172 232 269 195 285 0 0 0 1
302 173 233 269 197 285 0 0 0 1
301 173 232 271 191 285 0 0 0 1
303 173 232 271 191 285 0 0 0 1
302 173 232 272 192 286 0 0 0 1
302 174 232 271 192 285 0 0 0 1
303 173 233 271 191 285 0 0 0 1
303 174 233 271 192 286 0 0 0 1
303 175 233 271 192 285 0 0 0 1
299 174 232 272 190 285 0 0 0 1
297 174 233 272 192 285 0 0 0 1
299 175 233 272 192 285 0 0 0 1
299 167 229 263 178 279 0 0 0 1
313 172 232 263 174 269 0 0 0 1
324 177 232 262 176 271 0 0 0 1
317 179 232 263 187 280 0 0 0 1
297 185 232 263 180 282 0 0 0 1
292 195 235 263 168 283 0 0 0 1
305 209 246 272 191 284 0 0 0 1
303 190 233 262 171 286 0 0 0 1
301 185 230 264 174 285 0 0 0 1
299 166 223 255 175 279 0 0 0 1
314 173 230 264 183 270 0 0 0 1
299 198 234 262 164 283 0 0 0 1
306 198 234 262 165 285 0 0 0 1
307 196 234 263 169 286 0 0 0 1
308 193 233 264 170 285 0 0 0 0 1
309 193 233 265 171 285 0 0 0 0 1
310 194 234 265 172 285 0 0 0 0 1
309 193 233 264 171 285 0 0 0 0 1
310 191 232 264 173 285 0 0 0 0 1
311 192 232 264 174 285 0 0 0 0 1
311 192 233 265 173 285 0 0 0 0 1
311 192 233 265 174 284 0 0 0 0 1
311 192 233 265 173 285 0 0 0 0 1
311 192 233 265 172 285 0 0 0 0 1
311 192 233 265 173 285 0 0 0 0 1
311 192 233 265 172 285 0 0 0 0 1
312 192 234 265 170 285 0 0 0 0 1
312 192 233 265 169 285 0 0 0 0 1
312 192 233 265 168 285 0 0 0 0 1
311 193 233 265 170 285 0 0 0 0 1
320 193 235 267 145 285 0 0 0 0 1
386 256 266 285 157 283 0 0 0 0 1
256 257 280 291 177 282 0 0 0 0 1
242 276 288 291 180 283 0 0 0 0 1
234 200 231 253 121 285 0 0 0 0 1
224 195 228 258 115 285 0 0 0 0 1
223 191 228 257 112 285 0 0 0 0 1
228 178 228 256 119 285 0 0 0 0 1
230 192 230 260 120 285 0 0 0 0 1
230 192 231 260 119 285 0 0 0 0 1
235 193 234 263 124 285 0 0 0 0 1
237 194 234 262 126 285 0 0 0 0 1
239 192 234 261 127 285 0 0 0 0 1
239 192 234 262 127 285 0 0 0 0 1
261 212 257 282 166 285 0 0 0 0 1
280 280 278 287 171 282 0 0 0 0 1
272 283 281 283 160 282 0 0 0 0 1
265 147 225 262 132 285 0 0 0 0 1
233 168 223 253 120 286 0 0 0 0 1
237 168 225 255 119 286 0 0 0 0 1
243 172 229 260 125 286 0 0 0 0 1
247 172 229 261 126 286 0 0 0 0 1
248 173 229 260 128 286 0 0 0 0 1
250 174 229 261 129 286 0 0 0 0 1
253 175 230 262 130 286 0 0 0 0 1
254 174 230 261 132 286 0 0 0 0 1
255 174 230 261 132 286 0 0 0 0 1
257 174 231 262 132 286 0 0 0 0 1
256 174 230 262 133 286 0 0 0 0 1
259 167 229 260 133 286 0 0 0 0 1
263 161 225 256 133 280 0 0 0 0 1
266 151 226 261 137 264 0 0 0 0 1
266 155 228 264 138 264 0 0 0 0 1
262 165 228 262 133 275 0 0 0 0 1
259 176 234 269 143 281 0 0 0 0 1
274 192 243 276 170 284 0 0 0 0 1
287 207 251 274 162 285 0 0 0 0 1
282 186 239 274 159 287 0 0 0 0 1
270 155 231 271 155 262 0 0 0 0 1
271 166 235 274 156 267 0 0 0 0 1
270 173 236 274 157 276 0 0 0 0 1
